
99)910

21)787

74)948

93)300

59)673

22)602

85)244

90)492

42)122

38)149

14)188

36)624

33)231

82)850

84)392

92)801

82)158

71)288

85)566

99)427

45)596

36)766

52)324

93)718

15)294

33)190

74)401

17)367

25)623

10)535

35)960

51)180

59)992

13)794

11)986

16)337

51)329

39)139

78)335

10)416

40)659

29)107

12)140

22)567

18)986

59)534

62)808

67)182

73)590

34)674

34)847

10)441

78)145

86)398

35)514

20)205

72)894

24)922

30)810

50)126

39)116

39)613

71)678

17)466

25)231

75)812

85)697

79)465

93)594

71)870

83)384

18)465

66)980

42)204

99)728

65)620

45)312

90)626

94)678

36)266

31)961

65)815

52)823

26)924

45)589

91)119

74)310

58)622

91)980

37)100

35)741

74)326

65)200

99)397

56)919

77)762

78)558

76)975

31)670

52)202

45)287

99)836

23)736

61)616

37)894

92)961

70)468

13)179

30)869

58)920

79)257

91)505

93)163

41)270

88)844

26)665

96)511

39)836

68)542

35)364

34)926

49)149

97)622

99)672

10)841

39)874

17)983

16)371

48)780

67)151

83)766

61)558

46)733

78)340

46)225

78)144

55)858

36)679

91)168

77)731

97)802

79)523

52)304

87)662

31)701

42)106

68)712

25)185

34)818

93)377

62)152

30)569

87)130

57)183

83)142

62)150

53)228

59)546

86)631

21)978

53)253

63)562

46)623

18)892

85)401

15)477

52)535

85)509

29)393

15)546

26)557

33)660

59)133

85)547

95)503

49)936

65)630

18)293

21)509

81)923

57)193

25)153

56)958

58)772

33)686

26)893

56)412

50)760

95)820

67)225

89)891

42)834

84)146

20)304

73)855

81)681

33)143

48)569

33)356

34)709
